13
water 34
400 0.00663 0.002417903
410 0.00473 0.002207862
420 0.00454 0.002
430 0.00495 0.001786905
440 0.00635 0.0016
450 0.00922 0.001465506
460 0.00979 0.00135
470 0.0106 0.001219821
480 0.0127 0.0011
490 0.015 0.001017711
500 0.0204 0.00095
510 0.0325 0.000871834
520 0.0409 0.0008
530 0.0434 0.00075
540 0.0474 0.0007
550 0.0565 0.00065
560 0.0619 0.0006
570 0.0695 0.000572791
580 0.0896 0.00055
590 0.1351 0.000509444
600 0.2224 0.000465
610 0.2644 0.000433809
620 0.2755 0.00041
630 0.2916 0.000384696
640 0.3108 0.00036
650 0.34 0.000339284
660 0.41 0.00032
670 0.439 0.000299418
680 0.465 0.00028
690 0.516 0.000264292
700 0.624 0.00025
710 0.827 0.000234604 
720 1.231 0.00021953 
730 1.778 0.000207192 
ladoga 16 
410 0.038 0.00124 0.265 0.023 0.28 0
430 0.04 0.00123 0.23 0.025 0.25 0
450 0.041 0.00121 0.2 0.027 0.23 0
470 0.04 0.0012 0.18 0.029 0.18 0
490 0.034 0.00121 0.16 0.0305 0.16 0
510 0.028 0.00124 0.145 0.032 0.14 0
530 0.022 0.00127 0.13 0.033 0.125 0
550 0.018 0.00129 0.12 0.0335 0.11 0
570 0.015 0.00128 0.11 0.033 0.1 0
590 0.013 0.00127 0.105 0.0325 0.09 0
610 0.012 0.00127 0.1 0.032 0.08 0
630 0.012 0.00126 0.1 0.031 0.07 0
650 0.02 0.00122 0.105 0.029 0.06 0
670 0.025 0.00116 0.115 0.027 0.05 0
690 0.016 0.00108 0.125 0.025 0.045 0
710 0.005 0.0009 0.14 0.023 0.045 0
ontario 16 
410 0.0378 0.00136 0.1335 0.0524 0.145 0
430 0.0405 0.00125 0.1351 0.04992 0.121 0
450 0.041 0.00119 0.1309 0.04816 0.1 0
470 0.04 0.00116 0.1168 0.0476 0.0829 0
490 0.0355 0.00117 0.1034 0.04736 0.0688 0
510 0.0304 0.0012 0.0922 0.04712 0.057 0
530 0.0236 0.00125 0.0834 0.0468 0.048 0
550 0.019 0.00128 0.0737 0.04688 0.0401 0
570 0.017 0.00127 0.0674 0.04652 0.034 0
590 0.015 0.00124 0.0611 0.04616 0.0279 0
610 0.0125 0.00125 0.0674 0.04408 0.0234 0
630 0.012 0.00122 0.0766 0.0416 0.0195 0
650 0.016 0.00116 0.0835 0.0392 0.0162 0
670 0.026 0.00109 0.0873 0.0368 0.0152 0
690 0.013 0.00099 0.0927 0.03408 0.0105 0
710 0.007 0.0009 0.095 0.032 0.0105 0
northsea 10 
412 0.055954593 0.001345872 0.044928724 0.006667129 1.768267051 0
442 0.066149653 0.001209971 0.035342186 0.006 1 0
490 0.043691561 0.00117 0.024072674 0.005140324 0.40171998 0
510 0.028911512 0.0012 0.02051338 0.004840937 0.274720792 0
560 0.01051471 0.001280266 0.01375053 0.004207292 0.1062458 0
620 0.009852946 0.001241354 0.008508599 0.003611579 0.033979428 0
665 0.023768755 0.001109182 0.005936248 0.003251264 0.01445088 0
681 0.024543008 0.001040563 0.005223028 0.003137357 0.010662738 0
700 0.001402773 0.000919707 0.004174845 0.002978523 0.006758191 0
710 0.001 0.0008 0.004174845 0.002978523 0.006758191 0
crypto_ladoga_erie 15 
410 0.020534048 0.000756715 0.265 0.023 0.084188201 0
430 0.021983874 0.000724894 0.23 0.025 0.070095208 0
450 0.019404548 0.000758354 0.2 0.027 0.058148362 0
470 0.01666884 0.00090594 0.18 0.029 0.048163659 0
490 0.013903654 0.001043424 0.16 0.0305 0.039957093 0
510 0.010425987 0.001126363 0.145 0.032 0.033295448 0
530 0.006398872 0.001143558 0.13 0.033 0.027805054 0
550 0.006440663 0.001128539 0.12 0.0335 0.02328863 0
570 0.007668091 0.001161167 0.11 0.033 0.019605298 0
590 0.006508946 0.001226418 0.105 0.0325 0.016614178 0
610 0.006086026 0.001167481 0.1 0.032 0.014174391 0
630 0.005957657 0.001054855 0.1 0.031 0.012145057 0
650 0.006141638 0.001002974 0.105 0.029 0.010385298 0
670 0.012856615 0.001551676 0.115 0.027 0.008754233 0
690 0.008862845 0.002331434 0.125 0.025 0.007110984 0
cc_diatoms 9
412 0 0.016154854 0.087520242 0.006455244 0.021131261 0.00097764
442 0 0.014692452 0.098808019 0.006286858 0.022916764 0.000929472
490 0 0.012783496 0.058939636 0.006553788 0.01651 0.000893697
510 0 0.012111407 0.036655139 0.005903243 0.01391 0.000916326
560 0 0.010674819 0.015 0.0123 0.00757 0.0009
620 0 0.00930434 0.01 0.0056 0.00672 0.00078
665 0 0.008464574 0.013393274 0.005189893 0.011094442 0.000677643
681 0 0.008197204 0.025330222 0.005091536 0.014797833 0.000659958
700 0 0.00789827 0.0005 0.0049 0.00512 0.00069
northsea_diatoms 9 
412 0.021131261 0.00097764 0.044928724 0.006667129 1.768267051 0
442 0.022916764 0.000929472 0.035342186 0.006 1 0
490 0.01651 0.000893697 0.024072674 0.005140324 0.40171998 0
510 0.01391 0.000916326 0.02051338 0.004840937 0.274720792 0
560 0.00757 0.0009 0.01375053 0.004207292 0.1062458 0
620 0.00672 0.00078 0.008508599 0.003611579 0.033979428 0
665 0.011094442 0.000677643 0.005936248 0.003251264 0.01445088 0
681 0.014797833 0.000659958 0.005223028 0.003137357 0.010662738 0
700 0.00512 0.00069 0.004174845 0.002978523 0.006758191 0
cc2_diatoms 9 
412 0 0.016154854 0.087520242 0.006657728 0.021131261 0.00097764
442 0 0.014692452 0.098808019 0.006433479 0.022916764 0.000929472
490 0 0.012783496 0.058939636 0.006389808 0.01651 0.000893697
510 0 0.012111407 0.036655139 0.00658788 0.01391 0.000916326
560 0 0.010674819 0.015 0.0066 0.00757 0.0009
620 0 0.00930434 0.01 0.00635 0.00672 0.00078
665 0 0.008464574 0.013393274 0.006175183 0.011094442 0.000677643
681 0 0.008197204 0.025330222 0.006149372 0.014797833 0.000659958
700 0 0.00789827 0.0005 0.0061 0.00512 0.00069
cc3_diatoms 9 
412 0 0.016154854 0.087520242 0.006657729 0.021131261 0.00097764
442 0 0.014692452 0.098808019 0.006433479 0.022916764 0.000929472
490 0 0.012783496 0.058939636 0.006389836 0.01651 0.000893697
510 0 0.012111407 0.036655139 0.006587777 0.01391 0.000916326
560 0 0.010674819 0.015 0.0066 0.00757 0.0009
620 0 0.00930434 0.01 0.00635 0.00672 0.00078
665 0 0.008464574 0.013393274 0.005365259 0.011094442 0.000677643
681 0 0.008197204 0.025330222 0.005188881 0.014797833 0.000659958
700 0 0.00789827 0.0005 0.0051 0.00512 0.00069
biscay_15 6
412 0.032003243 0.001751241 0.003811002 0.006892335 2.8118673 0
443 0.038927074 0.001457424 0.00401943 0.008590469 1.9458435 0
490 0.026196273 0.00127467 0.003562469 0.00750632 0.82963021 0
510 0.021252587 0.001226596 0.001509135 0.008355506 0.40680151 0
555 0.008262713 0.001093134 0.001480269 0.008609177 0.25983989 0
670 0.011711459 0.001616344 0.00274338 0.010003999 0.017729409 0
cct_northsea 9 
412 0 0.016154854 0.055954593 0.001345872 0.044928724 0.006667129
442 0 0.014692452 0.066149653 0.001209971 0.035342186 0.006
490 0 0.012783496 0.043691561 0.00117 0.024072674 0.005140324
510 0 0.012111407 0.028911512 0.0012 0.02051338 0.004840937
560 0 0.010674819 0.01051471 0.001280266 0.01375053 0.004207292
620 0 0.00930434 0.009852946 0.001241354 0.008508599 0.003611579
665 0 0.008464574 0.023768755 0.001109182 0.005936248 0.003251264
681 0 0.008197204 0.024543008 0.001040563 0.005223028 0.003137357
700 0 0.00789827 0.001402773 0.000919707 0.004174845 0.002978523
michigan_old 7
412 0.0241429 0.0013459 0.1332373 0.0521303 0.1425037 0
443 0.0201143 0.0012072 0.1335934 0.0486681 0.1069237 0
490 0.0161299 0.0011679 0.1042559 0.0474207 0.0701103 0
510 0.0083288 0.0012523 0.0829548 0.046795 0.0475842 0
555 0.0058041 0.0012805 0.0731656 0.0469116 0.0396296 0
670 0.0268179 0.0011017 0.0867723 0.0371719 0.015386 0
710 0.03 0.00105 0.09 0.035 0.01 0
michigan 7
412 0.03128 0.0013459 0.1332373 0.0521303 1.6432565925 0
443 0.03702 0.0012072 0.1335934 0.0486681 1 0
490 0.02481 0.0011679 0.1042559 0.0474207 0.459263114 0
510 0.0114 0.0012523 0.0829548 0.046795 0.3298055634 0
555 0.00669 0.0012805 0.0731656 0.0469116 0.1441282141 0
670 0.01324 0.0011017 0.0867723 0.0371719 0.0253384569 0
710 0.015 0.00105 0.09 0.035 0.02 0

